 3225 8658 6380 8684 3129 5130 1972 8867 5513 4046 1474 3855 3347 2002 5271 8810
 2107 6234 7211 4061 3964 2362 9855 3981 8550 2141 2305 4137 7863 8586 3416 6210
 5567 3484 3033 5971 1112 4217 8641 3284 3269 6454 9292 5682 6410 3377 4877 5401
 5613 5567 2486 1023 4948 8511 9899 9204 5727 7230 3626 2128 1967 3852 3301 2804
 7487 9319 5340 4405 1017 9966 9996 4235 3878 2401 7133 5984 3895 5104 6187 6600
 7454 5041 6834 7410 5371 1012 9664 6022 7361 8374 8597 6111 5730 8626 3670 3907
 6594 6675 4539 3496 6552 4634 1012 2465 9834 6664 9628 6897 3353 8183 2160 1792
 5205 5352 2591 2396 5498 4567 7374 1012 7835 2916 8219 5581 5549 6364 3970 3454
 6200 9967 8631 7708 3001 2763 1148 3590 1643 3081 8611 2583 2800 2294 6342 4232
 6523 5797 9060 3909 8287 6258 8911 9729 5845 8730 9924 2595 9218 7042 4843 3789
 7463 3373 8440 1298 2037 5042 5936 6169 2657 3629 5184 6223 1108 3637 7163 5353
 2838 1734 4050 2482 2092 7304 1505 7970 8328 5591 5952 3464 5296 3548 9511 9897
 3625 2436 4757 2314 2709 3376 2627 8866 5234 1581 1420 5723 1686 8092 1408 5691
 2128 4429 2337 5142 1729 6751 4509 5670 1370 2803 1742 3989 1199 1218 5087 4938
 7701 9068 5112 9291 6064 7187 2515 6522 2816 6807 2895 4083 3029 5987 5749 4493
 4449 1368 6737 1239 4172 1329 9627 6372 3766 5038 6239 6066 7040 1677 8266 8176
 4252 9709 5071 6326 7542 8813 1481 2385 2155 4013 7153 6023 3098 2635 3441 1111
 8399 7481 3034 3077 9095 2748 7219 1493 4457 9800 8124 1774 5394 4923 1634 4818
 9148 4167 4403 8770 8512 4036 8828 8806 5313 3502 5545 1822 8315 6794 6630 3307
 2124 4222 4979 5289 7330 4938 8229 5625 3861 7426 8579 9826 5998 4709 2429 7176
 3343 3083 6380 6000 4037 9394 6910 4082 1364 2641 3321 9784 7962 6209 2346 3478
 1847 7649 5366 6763 1403 5970 1720 3231 9241 8082 3292 6349 3978 7236 4172 5739
 5565 6695 6242 6415 7341 3102 9501 5149 4228 6400 5303 1702 2319 4305 1438 2435
 4337 8649 4417 4178 3004 5971 5646 1952 8405 2537 4385 3800 2928 6686 1575 5171
 2853 5540 5268 4672 4113 5359 5962 2046 8367 3578 8284 1160 7288 4720 1178 9392
 4905 5710 5165 4935 5284 5983 4541 3067 2474 4624 5552 3426 5904 9693 4166 7703
 4559 9291 8939 4755 1432 3815 5541 7293 3559 8575 4255 5765 8007 8080 4654 9205
 3175 8152 5841 7761 1556 1493 2830 4729 5879 5541 4690 4964 4584 2567 7897 2047
 9579 3146 5008 6599 5842 7565 7838 3979 8355 4855 6018 1918 5236 3688 7841 7371
 3084 3359 8183 6641 6523 2973 6824 1265 2060 4785 3895 3406 5578 1374 5535 4021
